17007
17016
17025
17034
17043
17052
17061
17070
17107
17116
17125
17134
17143
17152
17161
17170
17207
17216
17225
17234
17243
17252
17261
17270
17307
17316
17325
17334
17343
17352
17361
17370
17407
17416
17425
17434
17443
17452
17461
17470
17507
17516
17525
17534
17543
17552
17561
17570
17607
17616
17625
17634
17643
17652
17661
17670
17707
17716
17725
17734
17743
17752
17761
17770
17807
17816
17825
17834
17843
17852
17861
17870
17907
17916
17925
17934
17943
17952
17961
17970
26007
26016
26025
26034
26043
26052
26061
26070
26107
26116
26125
26134
26143
26152
26161
26170
26207
26216
26225
26234
26243
26252
26261
26270
26307
26316
26325
26334
26343
26352
26361
26370
26407
26416
26425
26434
26443
26452
26461
26470
26507
26516
26525
26534
26543
26552
26561
26570
26607
26616
26625
26634
26643
26652
26661
26670
26707
26716
26725
26734
26743
26752
26761
26770
26807
26816
26825
26834
26843
26852
26861
26870
26907
26916
26925
26934
26943
26952
26961
26970
35007
35016
35025
35034
35043
35052
35061
35070
35107
35116
35125
35134
35143
35152
35161
35170
35207
35216
35225
35234
35243
35252
35261
35270
35307
35316
35325
35334
35343
35352
35361
35370
35407
35416
35425
35434
35443
35452
35461
35470
35507
35516
35525
35534
35543
35552
35561
35570
35607
35616
35625
35634
35643
35652
35661
35670
35707
35716
35725
35734
35743
35752
35761
35770
35807
35816
35825
35834
35843
35852
35861
35870
35907
35916
35925
35934
35943
35952
35961
35970
44007
44016
44025
44034
44043
44052
44061
44070
44107
44116
44125
44134
44143
44152
44161
44170
44207
44216
44225
44234
44243
44252
44261
44270
44307
44316
44325
44334
44343
44352
44361
44370
44407
44416
44425
44434
44443
44452
44461
44470
44507
44516
44525
44534
44543
44552
44561
44570
44607
44616
44625
44634
44643
44652
44661
44670
44707
44716
44725
44734
44743
44752
44761
44770
44807
44816
44825
44834
44843
44852
44861
44870
44907
44916
44925
44934
44943
44952
44961
44970
53007
53016
53025
53034
53043
53052
53061
53070
53107
53116
53125
53134
53143
53152
53161
53170
53207
53216
53225
53234
53243
53252
53261
53270
53307
53316
53325
53334
53343
53352
53361
53370
53407
53416
53425
53434
53443
53452
53461
53470
53507
53516
53525
53534
53543
53552
53561
53570
53607
53616
53625
53634
53643
53652
53661
53670
53707
53716
53725
53734
53743
53752
53761
53770
53807
53816
53825
53834
53843
53852
53861
53870
53907
53916
53925
53934
53943
53952
53961
53970
62007
62016
62025
62034
62043
62052
62061
62070
62107
62116
62125
62134
62143
62152
62161
62170
62207
62216
62225
62234
62243
62252
62261
62270
62307
62316
62325
62334
62343
62352
62361
62370
62407
62416
62425
62434
62443
62452
62461
62470
62507
62516
62525
62534
62543
62552
62561
62570
62607
62616
62625
62634
62643
62652
62661
62670
62707
62716
62725
62734
62743
62752
62761
62770
62807
62816
62825
62834
62843
62852
62861
62870
62907
62916
62925
62934
62943
62952
62961
62970
71007
71016
71025
71034
71043
71052
71061
71070
71107
71116
71125
71134
71143
71152
71161
71170
71207
71216
71225
71234
71243
71252
71261
71270
71307
71316
71325
71334
71343
71352
71361
71370
71407
71416
71425
71434
71443
71452
71461
71470
71507
71516
71525
71534
71543
71552
71561
71570
71607
71616
71625
71634
71643
71652
71661
71670
71707
71716
71725
71734
71743
71752
71761
71770
71807
71816
71825
71834
71843
71852
71861
71870
71907
71916
71925
71934
71943
71952
71961
71970
80007
80016
80025
80034
80043
80052
80061
80070
80107
80116
80125
80134
80143
80152
80161
80170
80207
80216
80225
80234
80243
80252
80261
80270
80307
80316
80325
80334
80343
80352
80361
80370
80407
80416
80425
80434
80443
80452
80461
80470
80507
80516
80525
80534
80543
80552
80561
80570
80607
80616
80625
80634
80643
80652
80661
80670
80707
80716
80725
80734
80743
80752
80761
80770
80807
80816
80825
80834
80843
80852
80861
80870
80907
80916
80925
80934
80943
80952
80961
80970
